P = [0.2 0.4 0.1 0.3, 
    0.5 0.1 0.0 0.4,
    0.4 0.2 0.1 0.3
    0.1 0.6 0.3 0.0];
A0 = [0.1 0.3 0.4 0.2];

A1 = A0*P;
A2 = A0*P^2;
A4 = A0*P^4;
A8 = A0*P^8;
A16 = A0*P^16;
A32 = A0*P^32;
A33 = A0*P^33;


