P = [0.1 0.4 0.3 0.1 0.1
     0.3 0.2 0.2 0.1 0.2
     0.1 0.1 0.2 0.3 0.3
     0.3 0.4 0.1 0.1 0.1
     0.6 0.1 0.1 0.1 0.1]
 
P2 = P*P

P4 = P2*P2

P8 = P4*P4



P8 = P4*P4

P16 = P8*P8
P32 = P16*P16




