P = [0.2 0.4 0.1 0.3
     0.5 0.1 0.0 0.4
     0.4 0.2 0.1 0.3
     0.1 0.6 0.3 0.0]
 
 a0 = [0.1 0.3 0.4 0.2]
 a2 = a0*(P^2)
 a4 = a0*(P^4)
 a8 = a0*(P^8)
 a16 = a0*(P^16)
 a32 = a0*(P^32)